object FormHome: TFormHome
  Width = 640
  Height = 480
  object WebLabel1: TWebLabel
    Left = 176
    Top = 80
    Width = 68
    Height = 15
    Caption = 'HomeScreen'
    HeightPercent = 100.000000000000000000
    WidthPercent = 100.000000000000000000
  end
end
